# Cache size detection via pointer-chasing (node_stride=256b)
# size_bytes	latency_ns_per_access
1024	3.821
1152	3.605
1280	3.617
1408	3.578
1536	3.850
1664	3.390
1792	2.894
1920	3.678
2048	3.738
2304	3.471
2560	2.593
2816	2.570
3072	2.566
3328	2.562
3584	2.568
3840	2.563
4096	2.561
4608	4.707
5120	4.014
5632	3.545
6144	3.468
6656	3.463
7168	3.462
7680	3.556
8192	3.706
9216	3.543
10240	3.658
11264	3.388
12288	3.437
13312	3.432
14336	2.797
15360	2.752
16384	2.758
18432	2.770
20480	2.676
22528	2.555
24576	2.559
26624	3.699
28672	3.622
30720	3.606
32768	3.517
36864	13.101
40960	11.683
45056	15.732
49152	12.066
53248	11.342
57344	8.597
61440	8.590
65536	9.315
73728	11.385
81920	11.607
90112	8.570
98304	8.598
106496	8.605
114688	9.336
122880	8.622
131072	8.618
147456	12.208
163840	8.715
180224	8.713
196608	9.375
212992	9.403
229376	8.751
245760	9.136
262144	20.771
327680	15.678
393216	23.314
458752	46.709
524288	63.391
655360	84.900
786432	109.170
917504	193.951
1048576	243.954
1310720	229.812
1572864	237.410
1835008	264.683
2097152	267.417
3145728	363.319
4194304	292.873
6291456	304.232
8388608	309.605
12582912	390.387
16777216	382.756
25165824	240.513
33554432	264.457
50331648	470.356
67108864	463.576

Detected cache levels (approx):
- L1 capacity ~ 4.0 KiB (jump x1.49)
- L2 capacity ~ 32.0 KiB (jump x3.90)
- L3 capacity ~ 240.0 KiB (jump x2.06)
- L4 capacity ~ 320.0 KiB (jump x1.28)
- L? capacity ~ 448.0 KiB (jump x1.81)
- L? capacity ~ 640.0 KiB (jump x1.47)
- L? capacity ~ 896.0 KiB (jump x1.61)
- L? capacity ~ 8.0 MiB (jump x1.40)
- L? capacity ~ 3.9 GiB (jump x-0.00)
